t, omega_1,	omega_2, omega_3,    omega_4,     M1,     M2,     M3,    M4,     Vx_o,       Vy_o,   dpsi,    x0,       y0,         psi 
  0.1000  -0.0000  -0.0041  -0.0000   0.0000  -0.0684  -0.0658  -0.0000   0.2588  -0.0001  -0.0001  -0.0001  -0.0000  -0.0000  -0.0000 
  0.2000   1.2686   1.4266   1.2199   1.3253   0.7669   0.6864   0.8630   1.1867   0.0655   0.0007   0.0086   0.0065   0.0001   0.0008 
  0.3000   2.3386   2.3345   2.2899   2.4439   0.5678   0.5488   0.6336   0.8915   0.1176  -0.0020   0.0049   0.0183  -0.0001   0.0013 
  0.4000   2.9060   2.9951   2.8979   3.0032   0.4951   0.4103   0.5271   0.7790   0.1475  -0.0002   0.0063   0.0331  -0.0001   0.0020 
  0.5000   3.3599   3.3558   3.3923   3.3842   0.3488   0.3402   0.4137   0.6743   0.1687   0.0001  -0.0004   0.0499  -0.0001   0.0019 
  0.6000   3.6517   3.7084   3.6395   4.1016   0.2510   0.2147   0.2830   0.2978   0.1888  -0.0051   0.0168   0.0688  -0.0006   0.0036 
  0.7000   3.6841   3.6031   3.6031   3.7084   0.1991   0.1948   0.2770   0.4562   0.1825  -0.0023   0.0008   0.0870  -0.0007   0.0037 
  0.8000   3.5909   3.5666   3.5909   3.6152   0.1956   0.2043   0.2527   0.4795   0.1795  -0.0006  -0.0000   0.1050  -0.0007   0.0037 
  0.9000   3.5504   3.6760   3.6274   3.4410   0.1714   0.1082   0.2328   0.4726   0.1787   0.0039  -0.0020   0.1229  -0.0003   0.0035 
  1.0000   3.4774   3.4328   3.4693   3.4288   0.1844   0.1610   0.2389   0.4432   0.1726  -0.0001  -0.0028   0.1401  -0.0002   0.0032 
  1.1000   3.2221   3.2869   3.4288   3.3923   0.2701   0.1792   0.2155   0.4233   0.1666   0.0013   0.0009   0.1568  -0.0000   0.0033 
  1.2000   3.4045   3.4045   3.3842   3.5747   0.1506   0.1420   0.1956   0.2640   0.1721  -0.0024   0.0062   0.1740  -0.0002   0.0039 
  1.3000   3.1897   3.1856   3.2383   3.2748   0.2025   0.1809   0.2147   0.3765   0.1611  -0.0005   0.0011   0.1901  -0.0002   0.0040 
  1.4000   2.9951   3.0640   3.1654   3.1532   0.3315   0.2216   0.2415   0.4319   0.1547   0.0010   0.0018   0.2056  -0.0000   0.0042 
  1.5000   3.2099   3.1046   3.1370   3.5139   0.2242   0.2259   0.2683   0.1999   0.1621  -0.0060   0.0088   0.2218  -0.0006   0.0051 
  1.6000   2.9789   3.0883   3.0397   3.0640   0.3532   0.2069   0.3315   0.4198   0.1521   0.0011   0.0043   0.2370  -0.0004   0.0055 
  1.7000   2.9830   2.9911   3.0276   2.9668   0.3791   0.2588   0.3306   0.4743   0.1496   0.0009  -0.0017   0.2520  -0.0002   0.0054 
  1.8000   3.1046   2.9546   3.0802   3.1410   0.3185   0.3194   0.3151   0.3834   0.1535  -0.0026  -0.0029   0.2673  -0.0004   0.0051 
  1.9000   3.1410   3.2991   3.2869   3.1654   0.2839   0.1489   0.2372   0.3532   0.1612   0.0035   0.0012   0.2834   0.0000   0.0052 
  2.0000   3.1289   3.0681   3.1613   3.1532   0.3142   0.2830   0.2908   0.3791   0.1564  -0.0007  -0.0022   0.2991   0.0000   0.0050 
  2.1000   3.1491   3.1167   3.1856   3.0438   0.3289   0.2372   0.2978   0.4406   0.1562   0.0014  -0.0057   0.3147   0.0003   0.0044 
  2.2000   3.2829   3.3437   3.1410   2.9668   0.2372   0.1385   0.2389   0.4181   0.1592   0.0029  -0.0037   0.3306   0.0006   0.0040 
  2.3000   3.2261   3.1248   3.1491   3.1978   0.2701   0.2233   0.2753   0.3393   0.1587  -0.0019  -0.0017   0.3465   0.0005   0.0039 
  2.4000   3.1289   3.1613   3.1856   3.1775   0.2926   0.2268   0.2631   0.3514   0.1582   0.0005   0.0008   0.3623   0.0006   0.0039 
  2.5000   3.3437   3.1654   3.2343   3.5180   0.1627   0.2337   0.2389   0.1549   0.1658  -0.0058   0.0034   0.3789   0.0001   0.0043 
  2.6000   3.2018   3.2991   3.1167   3.1775   0.2709   0.1463   0.2424   0.2856   0.1599   0.0005   0.0051   0.3949   0.0002   0.0048 
  2.7000   3.0883   3.1491   3.1289   3.1046   0.2597   0.1939   0.2588   0.3220   0.1559   0.0011   0.0012   0.4105   0.0004   0.0049 
  2.8000   3.1735   2.9668   3.0316   3.3680   0.2138   0.3133   0.3255   0.1991   0.1567  -0.0068   0.0042   0.4261  -0.0002   0.0053 
  2.9000   2.9546   3.0883   3.3315   3.1856   0.3817   0.2510   0.1835   0.3133   0.1570   0.0035  -0.0004   0.4418   0.0002   0.0053 
  3.0000   3.0883   3.0883   3.1532   3.1127   0.3081   0.2770   0.2813   0.3281   0.1555   0.0005  -0.0013   0.4574   0.0004   0.0052 
  3.1000   3.1735   3.1289   3.1289   3.1491   0.2770   0.2389   0.2865   0.2830   0.1573  -0.0008  -0.0008   0.4731   0.0004   0.0051 
  3.2000   3.1735   3.3558   3.1005   3.1005   0.2986   0.1385   0.2865   0.3410   0.1591   0.0023   0.0059   0.4890   0.0007   0.0057 
  3.3000   3.1370   3.1167   3.1613   3.2018   0.3090   0.2657   0.2588   0.2900   0.1577  -0.0008   0.0007   0.5048   0.0007   0.0057 
  3.4000   2.9465   3.0640   3.1775   3.0883   0.3765   0.2778   0.2614   0.3341   0.1535   0.0026   0.0009   0.5201   0.0010   0.0058 
  3.5000   3.1046   3.0883   3.0924   3.0640   0.3142   0.2952   0.3107   0.3315   0.1544   0.0002  -0.0014   0.5356   0.0011   0.0057 
  3.6000   3.2221   3.0438   3.1005   3.1046   0.3454   0.3263   0.2986   0.3332   0.1559  -0.0023  -0.0057   0.5512   0.0010   0.0051 
  3.7000   3.0559   3.0640   3.1005   3.1005   0.3947   0.3211   0.3177   0.3566   0.1540   0.0001   0.0003   0.5666   0.0011   0.0051 
  3.8000   3.1897   2.9424   3.2140   3.3802   0.3237   0.4198   0.2657   0.2666   0.1591  -0.0052  -0.0026   0.5825   0.0006   0.0049 
  3.9000   2.4237   0.3161   0.3323   2.4115   0.7305  -1.2222  -1.2646   0.7401   0.0685  -0.0523  -0.0009   0.5894  -0.0046   0.0048 
  4.0000   1.9576  -1.0132  -1.0862   1.9738   1.0768  -1.3312  -1.3044   1.0750   0.0229  -0.0754   0.0029   0.5917  -0.0121   0.0051 
  4.1000   1.5807  -1.8846  -2.0589   2.0224   1.4239  -1.4723  -1.3693   1.1278  -0.0043  -0.0943   0.0200   0.5913  -0.0215   0.0071 
  4.2000   2.0954  -2.7236  -2.9708   2.5047   1.2231  -1.4542  -1.2759   0.8794  -0.0137  -0.1287   0.0213   0.5900  -0.0344   0.0092 
  4.3000   2.1319  -3.2099  -3.2869   2.2251   1.2802  -1.4784  -1.3953   1.1374  -0.0267  -0.1357   0.0055   0.5875  -0.0480   0.0098 
  4.4000   2.2048  -4.2110  -3.8787   1.9981   1.2741  -1.0828  -1.2109   1.2854  -0.0486  -0.1537  -0.0175   0.5828  -0.0634   0.0080 
  4.5000   2.6385  -4.2718  -4.3772   2.4196   1.0274  -1.1564  -1.0404   1.0577  -0.0449  -0.1713  -0.0037   0.5784  -0.0806   0.0076 
  4.6000   2.6912  -4.6447  -4.6447   2.0346   0.9547  -0.9668  -0.9296   1.2585  -0.0570  -0.1752  -0.0213   0.5728  -0.0981   0.0055 
  4.7000   2.5047  -4.2961  -4.3326   2.7033   0.9478  -1.1157  -1.0690   0.8284  -0.0428  -0.1730   0.0076   0.5687  -0.1154   0.0063 
  4.8000   2.2494  -4.3407  -4.3042   2.4601   1.0257  -1.0967  -1.0456   0.8872  -0.0492  -0.1669   0.0057   0.5639  -0.1322   0.0068 
  4.9000   1.8846  -4.2840  -4.3691   2.2899   1.1780  -1.1175  -0.9781   0.9175  -0.0560  -0.1603   0.0159   0.5584  -0.1482   0.0084 
  5.0000   1.9495  -4.1826  -4.2921   2.1440   1.0776  -1.1296  -1.0023   0.8898  -0.0548  -0.1571   0.0099   0.5530  -0.1640   0.0094 
  5.1000   2.1643  -4.4988  -4.1218   1.8279   0.8915  -0.8863  -1.0517   1.0049  -0.0579  -0.1577  -0.0232   0.5474  -0.1798   0.0071 
  5.2000   1.7549  -4.1381  -3.9800   1.6414   1.0248  -1.1149  -1.1720   0.9989  -0.0590  -0.1439  -0.0088   0.5416  -0.1943   0.0062 
  5.3000   1.4469  -3.9273  -4.0246   1.6577   1.0915  -1.2551  -1.1555   0.9461  -0.0606  -0.1382   0.0100   0.5356  -0.2081   0.0072 
  5.4000   1.2443  -4.0165  -4.2110   1.4591   1.2031  -1.2005  -1.0724   0.9772  -0.0691  -0.1366   0.0133   0.5288  -0.2218   0.0086 
  5.5000   1.4631  -4.3650  -4.2678   1.5077   0.9625  -1.0335  -1.0370   0.8638  -0.0708  -0.1450  -0.0017   0.5219  -0.2364   0.0084 
  5.6000   1.4226  -4.7055  -4.5596   1.3902   0.9365  -0.7963  -0.8491   0.8716  -0.0807  -0.1510  -0.0058   0.5139  -0.2516   0.0078 
  5.7000   1.0740  -4.4177  -4.4542   1.1713   1.0447  -0.9902  -0.9140   0.8855  -0.0828  -0.1390   0.0043   0.5057  -0.2655   0.0082 
  5.8000   1.4104  -4.4299  -4.9243   0.8390   0.7037  -0.9876  -0.6587   0.9677  -0.0888  -0.1450  -0.0025   0.4970  -0.2801   0.0080 
  5.9000   0.7538  -4.2921  -4.0894   0.8511   1.0041  -1.0681  -1.0984   0.8760  -0.0847  -0.1248  -0.0034   0.4886  -0.2926   0.0076 
  6.0000   0.6687  -4.3164  -3.7855   0.2715   1.0326  -1.0387  -1.3659   1.1737  -0.0895  -0.1130  -0.0301   0.4797  -0.3040   0.0046 
  6.1000   0.3810  -4.1948  -4.0286   0.3567   1.1045  -1.1677  -1.2741   1.1079  -0.0936  -0.1120  -0.0062   0.4704  -0.3153   0.0040 
  6.2000   0.4661  -4.2597  -4.2475   0.3688   1.0222  -1.1443  -1.2499   1.0482  -0.0959  -0.1168  -0.0036   0.4609  -0.3270   0.0037 
  6.3000   0.5471  -4.7095  -4.9122   0.0730   0.8950  -1.0170  -0.9443   1.1460  -0.1125  -0.1280  -0.0088   0.4497  -0.3398   0.0028 
  6.4000   0.0162  -4.3691  -4.5636   0.2432   1.1495  -1.1140  -1.1027   1.0188  -0.1084  -0.1149   0.0137   0.4389  -0.3513   0.0041 
  6.5000   0.1500  -4.6366  -4.6447   0.2310   1.0144  -0.9573  -1.0205   0.9521  -0.1113  -0.1208   0.0029   0.4278  -0.3635   0.0044 
  6.6000   0.0041  -4.4866  -4.5879   0.1621   0.9902  -1.0837  -1.0543   0.8889  -0.1114  -0.1155   0.0084   0.4167  -0.3751   0.0053 
  6.7000  -0.0000  -4.5109  -4.5879   0.0365   0.9175  -0.9911  -1.0248   0.8846  -0.1133  -0.1142   0.0037   0.4055  -0.3865   0.0056 
  6.8000   0.0041  -4.2678  -4.5474  -0.0041   0.8214  -1.0664  -1.0257   0.7678  -0.1102  -0.1102   0.0088   0.3945  -0.3976   0.0065 
  6.9000  -0.0000  -4.4380  -4.4501  -0.0365   0.7037  -1.0517  -1.0647   0.6838  -0.1116  -0.1106  -0.0008   0.3834  -0.4088   0.0064 
  7.0000  -0.0122  -4.6082  -5.1310  -0.1986   0.5661  -0.9521  -0.6042   0.6526  -0.1244  -0.1191   0.0109   0.3710  -0.4207   0.0075 
  7.1000  -0.0973  -4.4785  -4.3407  -0.1986   0.5211  -1.0231  -1.0872   0.5029  -0.1139  -0.1065  -0.0078   0.3597  -0.4315   0.0068 
  7.2000  -0.3404  -4.2191  -4.1218  -0.3040   0.4735  -1.1512  -1.1945   0.4215  -0.1123  -0.0962  -0.0020   0.3486  -0.4412   0.0066 
  7.3000  -0.6566  -4.1989  -4.1624  -0.5877   0.5064  -1.1538  -1.1477   0.4527  -0.1201  -0.0890   0.0011   0.3366  -0.4502   0.0067 
  7.4000  -0.8025  -4.2232  -4.0489  -0.9524   0.4267  -1.1391  -1.2603   0.5410  -0.1253  -0.0815  -0.0105   0.3241  -0.4584   0.0056 
  7.5000  -1.0821  -4.8271  -4.3529  -1.1227   0.5081  -0.8405  -1.1053   0.5367  -0.1423  -0.0872  -0.0167   0.3100  -0.4672   0.0039 
  7.6000  -1.0213  -4.4056  -4.4380  -0.9119   0.3635  -1.0032  -0.9971   0.3255  -0.1347  -0.0864   0.0046   0.2965  -0.4759   0.0044 
  7.7000  -0.9119  -4.5109  -4.7298  -1.0740   0.1731  -0.9002  -0.7600   0.2424  -0.1403  -0.0907   0.0018   0.2825  -0.4850   0.0046 
  7.8000  -1.0740  -4.2353  -4.4015  -0.8998   0.1091  -0.9850  -0.9037  -0.0130  -0.1326  -0.0833   0.0111   0.2693  -0.4934   0.0057 
  7.9000  -0.8876  -4.5393  -4.3407  -0.7903  -0.1619  -0.7946  -0.8197  -0.1575  -0.1320  -0.0900  -0.0033   0.2562  -0.5025   0.0054 
  8.0000  -1.2807  -3.9800  -4.1867  -1.3253  -0.1861  -0.9859  -0.8405  -0.1272  -0.1347  -0.0695   0.0053   0.2427  -0.5095   0.0059 
  8.1000  -1.2443  -4.1745  -3.9922  -1.5077  -0.3860  -0.8206  -0.9461  -0.3557  -0.1365  -0.0677  -0.0145   0.2291  -0.5163   0.0044 
  8.2000  -1.2321  -4.3204  -4.2840  -1.6779  -0.1999  -0.7046  -0.7626  -0.4665  -0.1439  -0.0712  -0.0157   0.2148  -0.5235   0.0029 
  8.3000  -1.5199  -3.8665  -3.5423  -1.6901  -0.3090  -0.9469  -1.2239  -0.5652  -0.1327  -0.0525  -0.0161   0.2015  -0.5288   0.0013 
  8.4000  -2.1764  -3.5382  -3.8219  -2.1075  -0.5401  -1.1330  -0.9919  -0.0892  -0.1456  -0.0385   0.0114   0.1870  -0.5327   0.0024 
  8.5000  -2.4115  -3.9881  -4.3934  -1.6414  -0.0926  -0.8716  -0.5895  -0.3627  -0.1554  -0.0541   0.0382   0.1714  -0.5381   0.0062 
  8.6000  -2.3710  -4.0043  -3.8300  -2.4723  -0.0718  -0.7756  -0.9045  -0.0294  -0.1585  -0.0374  -0.0089   0.1556  -0.5420   0.0053 
  8.7000  -2.6020  -3.8341  -3.9070  -2.8127  -0.0641  -0.8223  -0.8413  -0.0563  -0.1644  -0.0291  -0.0045   0.1392  -0.5450   0.0049 
  8.8000  -1.8765  -3.6598  -3.3315  -2.6060  -0.5012  -0.8465  -1.0508  -0.1151  -0.1434  -0.0314  -0.0343   0.1248  -0.5482   0.0015 
  8.9000  -2.5939  -3.5301  -3.6720  -2.9789  -0.1160  -0.8379  -0.8413  -0.0736  -0.1597  -0.0204  -0.0079   0.1089  -0.5502   0.0007 
  9.0000  -3.0802  -3.5017  -3.9557  -2.6385  -0.1047  -0.8232  -0.6466  -0.0710  -0.1647  -0.0217   0.0291   0.0924  -0.5524   0.0036 
  9.1000  -3.0681  -3.5180  -3.8341  -3.2261  -0.0753  -0.7738  -0.6068  -0.0467  -0.1706  -0.0132   0.0051   0.0754  -0.5538   0.0041 
  9.2000  -2.5655  -3.9516  -3.3437  -3.1370  -0.4899  -0.4380  -0.7721  -0.1013  -0.1625  -0.0199  -0.0383   0.0591  -0.5559   0.0003 
  9.3000  -3.1654  -3.5423  -3.8706  -3.0681  -0.0848  -0.5600  -0.4120  -0.0589  -0.1706  -0.0147   0.0138   0.0421  -0.5573   0.0016 
  9.4000  -3.3599  -3.3356  -3.4166  -3.2221  -0.0692  -0.5332  -0.5297  -0.0519  -0.1667  -0.0021   0.0071   0.0254  -0.5576   0.0024 
  9.5000  -3.5017  -3.5017  -3.3680  -3.5017  -0.0770  -0.3661  -0.4674  -0.0450  -0.1734   0.0017  -0.0043   0.0081  -0.5574   0.0019 
  9.6000  -3.3315  -3.3072  -3.5504  -3.2626  -0.0857  -0.3618  -0.2692  -0.1099  -0.1681  -0.0033   0.0101  -0.0088  -0.5578   0.0029 
  9.7000  -3.3964  -3.2018  -3.2221  -3.2869  -0.1047  -0.3220  -0.3229  -0.1844  -0.1638   0.0032   0.0042  -0.0251  -0.5575   0.0034 
  9.8000  -3.4166  -3.3072  -3.0073  -3.0924  -0.1714  -0.1281  -0.3090  -0.3419  -0.1603   0.0024   0.0008  -0.0412  -0.5573   0.0034 
  9.9000  -3.2626  -3.1127  -2.8006  -3.1735  -0.3159  -0.1013  -0.2891  -0.3973  -0.1544   0.0065  -0.0072  -0.0566  -0.5567   0.0027 
 10.0000  -3.3964  -3.0762  -3.1735  -3.2586  -0.3203  -0.2354  -0.0234  -0.4544  -0.1613   0.0051   0.0076  -0.0727  -0.5563   0.0035 
 10.1000  -3.6639  -2.2372  -2.7844  -3.3072  -0.3229  -0.6916  -0.0476  -0.5341  -0.1499   0.0244   0.0293  -0.0877  -0.5539   0.0064 
 10.2000  -3.1856  -2.3953  -2.5331  -3.1370  -0.6319  -0.0666  -0.0736  -0.7591  -0.1406   0.0174   0.0061  -0.1018  -0.5522   0.0070 
 10.3000  -3.5788  -2.5331  -2.8330  -3.4572  -0.5167  -0.5687  -0.3237  -0.7331  -0.1550   0.0209   0.0137  -0.1173  -0.5503   0.0084 
 10.4000  -3.6639  -2.1197  -2.1562  -3.3923  -0.6249  -0.0649  -0.0199  -0.8881  -0.1417   0.0348   0.0100  -0.1315  -0.5469   0.0094 
 10.5000  -3.6517  -1.6333  -2.2170  -3.1897  -0.6916  -0.7574  -0.0035  -1.1590  -0.1336   0.0374   0.0340  -0.1449  -0.5433   0.0128 
 10.6000  -3.6477  -1.9819  -1.9941  -3.4572  -0.7773  -0.1333  -0.0156  -1.1339  -0.1385   0.0391   0.0066  -0.1588  -0.5396   0.0134 
 10.7000  -4.4258  -1.9576  -1.9576  -3.5869  -0.4155  -0.2796  -0.0138  -1.2430  -0.1491   0.0512   0.0272  -0.1738  -0.5346   0.0162 
 10.8000  -3.6639  -1.7428  -1.4996  -4.1097  -0.8959  -0.5583  -0.5851  -1.0326  -0.1377   0.0566  -0.0224  -0.1877  -0.5292   0.0139 
 10.9000  -3.7125  -1.6577  -1.5969  -4.2353  -0.9703  -0.0528  -0.0208  -1.0188  -0.1400   0.0587  -0.0189  -0.2018  -0.5235   0.0120 
 11.0000  -3.8098  -1.3496  -1.6171  -3.9922  -0.9781  -0.4596  -0.2216  -1.1313  -0.1346   0.0604   0.0028  -0.2153  -0.5176   0.0123 
 11.1000  -3.9638  -1.3537  -1.3739  -4.0367  -1.0491  -0.4501  -0.0969  -1.1876  -0.1341   0.0659  -0.0017  -0.2288  -0.5112   0.0121 
 11.2000  -4.1137  -1.3010  -1.2524  -4.1502  -0.9876  -0.3142  -0.0415  -1.2023  -0.1352   0.0714  -0.0028  -0.2424  -0.5042   0.0119 
 11.3000  -4.1867  -1.3010  -1.1105  -4.5515  -0.9616  -0.3073  -0.0779  -1.0093  -0.1394   0.0791  -0.0180  -0.2564  -0.4965   0.0101 
 11.4000  -4.4258  -1.1672  -1.0335  -4.3691  -0.8612  -0.1108  -0.2311  -1.1027  -0.1374   0.0824  -0.0025  -0.2702  -0.4884   0.0098 
 11.5000  -4.5271  -1.2037  -1.2321  -5.1351  -0.8162  -0.1783  -0.1177  -0.6925  -0.1512   0.0903  -0.0188  -0.2854  -0.4795   0.0079 
 11.6000  -4.5515  -0.9281  -0.9646  -4.4056  -0.7989  -0.1870  -0.0718  -1.0534  -0.1356   0.0883   0.0059  -0.2991  -0.4708   0.0085 
 11.7000  -4.9608  -1.2564  -0.8673  -4.2961  -0.6024   0.1177   0.0268  -1.1105  -0.1423   0.0892   0.0089  -0.3134  -0.4620   0.0094 
 11.8000  -4.2921  -0.9970  -0.9038  -4.5717  -0.9504   0.1532   0.2147  -0.9616  -0.1346   0.0870  -0.0121  -0.3269  -0.4534   0.0082 
 11.9000  -4.1745  -0.9646  -0.7295  -4.4623  -1.0595   0.2969   0.2415  -1.0058  -0.1291   0.0868  -0.0170  -0.3399  -0.4448   0.0065 
 12.0000  -4.0286  -1.2078  -0.7782  -4.4299  -1.1815   0.6172   0.3843  -1.0023  -0.1306   0.0809  -0.0270  -0.3530  -0.4368   0.0038 
 12.1000  -4.2597  -0.7093  -0.3688  -4.6082  -1.1019   0.5081   0.2727  -0.8907  -0.1243   0.0974  -0.0224  -0.3655  -0.4271   0.0016 
 12.2000  -5.0621  -0.4175  -0.2229  -4.9162  -0.7193   0.4501   0.2926  -0.6016  -0.1327   0.1167  -0.0016  -0.3788  -0.4155   0.0014 
 12.3000  -4.5231  -0.0486  -0.0486  -4.5515  -0.9781   0.4077   0.3220  -0.8638  -0.1146   0.1122  -0.0009  -0.3903  -0.4043   0.0013 
 12.4000  -4.6974   0.0892  -0.1581  -4.9162  -0.8431   0.4899   0.4579  -0.6388  -0.1210   0.1193   0.0009  -0.4024  -0.3924   0.0014 
 12.5000  -4.4623   0.0284   0.0405  -4.4745  -0.9876   0.6232   0.4882  -0.8621  -0.1108   0.1126  -0.0008  -0.4135  -0.3811   0.0013 
 12.6000  -4.3529   0.0162   0.1743  -4.3042  -1.0447   0.7911   0.5341  -0.9565  -0.1058   0.1106  -0.0036  -0.4241  -0.3701   0.0010 
 12.7000  -4.2475   0.0041   0.1581  -4.5109  -1.0906   0.9556   0.6760  -0.8007  -0.1075   0.1115  -0.0136  -0.4348  -0.3590  -0.0004 
 12.8000  -4.4137   0.2594   0.1378  -4.2070  -0.9893   0.8872   0.8206  -0.9608  -0.1028   0.1127   0.0107  -0.4451  -0.3477   0.0007 
 12.9000  -4.4988   0.5350   0.5877  -4.4907  -0.9340   0.9045   0.6855  -0.7176  -0.0983   0.1264  -0.0014  -0.4549  -0.3350   0.0005 
 13.0000  -4.2921   0.7093   0.7782  -4.3083  -1.0196   0.9608   0.7193  -0.8353  -0.0889   0.1261  -0.0028  -0.4638  -0.3224   0.0003 
 13.1000  -4.2070   0.8552   0.7174  -4.5231  -1.0439   0.9859   0.8483  -0.7028  -0.0895   0.1288  -0.0058  -0.4728  -0.3096  -0.0003 
 13.2000  -3.9800   0.9484   0.9970  -4.0529  -1.2577   1.0430   0.8050  -0.9989  -0.0761   0.1247  -0.0039  -0.4804  -0.2971  -0.0007 
 13.3000  -4.2110   1.2078   1.1065  -3.8422  -1.0967   0.9599   0.8638  -1.1348  -0.0717   0.1296   0.0153  -0.4876  -0.2841   0.0008 
 13.4000  -4.1502   1.2280   1.1794  -3.8908  -1.1469   1.1045   0.9642  -1.1235  -0.0704   0.1306   0.0100  -0.4946  -0.2711   0.0018 
 13.5000  -4.0773   1.4874   1.3132  -3.9030  -1.1616   1.0828   0.9686  -1.1642  -0.0647   0.1348   0.0113  -0.5011  -0.2576   0.0029 
 13.6000  -4.1462   1.7428   1.7428  -4.0732  -1.0759   0.9495   0.8552  -1.0361  -0.0592   0.1463   0.0024  -0.5071  -0.2430   0.0032 
 13.7000  -4.0246   1.7185   1.6901  -3.9557  -1.1287   1.0672   0.9426  -1.0949  -0.0571   0.1424   0.0032  -0.5128  -0.2288   0.0035 
 13.8000  -4.0732   2.1926   2.0670  -4.0489  -1.0681   0.8621   0.7833  -1.0551  -0.0483   0.1548   0.0049  -0.5177  -0.2133   0.0040 
 13.9000  -4.1381   2.2372   2.2859  -4.0854  -1.0655   0.8881   0.6855  -0.9591  -0.0463   0.1593   0.0001  -0.5224  -0.1974   0.0040 
 14.0000  -3.8584   1.8238   2.0467  -3.7003  -1.1547   1.1910   0.9114  -1.1971  -0.0461   0.1429  -0.0021  -0.5271  -0.1831   0.0038 
 14.1000  -3.8098   2.2737   2.2291  -3.6477  -1.1555   1.0257   0.8526  -1.2135  -0.0369   0.1495   0.0067  -0.5308  -0.1682   0.0045 
 14.2000  -3.5909   1.9454   2.4115  -4.0165  -1.2447   1.2992   0.8084  -0.9374  -0.0406   0.1496  -0.0289  -0.5350  -0.1533   0.0016 
 14.3000  -3.7003   2.1319   2.3710  -3.6395  -1.1711   1.3018   0.8863  -1.0889  -0.0355   0.1480  -0.0058  -0.5385  -0.1385   0.0010 
 14.4000  -3.7814   2.6263   2.5047  -3.8341  -1.0136   1.0820   0.9063  -0.8950  -0.0311   0.1593   0.0022  -0.5416  -0.1225   0.0012 
 14.5000  -3.5909   2.4075   2.4804  -3.6112  -1.1192   1.2845   0.9365  -1.0205  -0.0289   0.1511  -0.0030  -0.5446  -0.1074   0.0009 
 14.6000  -3.8341   2.8452   2.8816  -3.7247  -0.9608   1.0906   0.7903  -0.8950  -0.0229   0.1661   0.0024  -0.5469  -0.0908   0.0011 
 14.7000  -4.3042   2.9222   2.5655  -3.9759  -0.5644   1.1131   1.0015  -0.6587  -0.0349   0.1721   0.0222  -0.5504  -0.0736   0.0034 
 14.8000  -3.2707   2.8816   2.8209  -3.1654  -1.1114   1.1599   0.9019  -1.0655  -0.0092   0.1517   0.0054  -0.5513  -0.0584   0.0039 
 14.9000  -3.4531   3.0316   2.9303  -3.2626  -0.9227   1.1400   0.9409  -0.9616  -0.0094   0.1585   0.0095  -0.5523  -0.0426   0.0049 
 15.0000  -3.8665   2.9830   3.1491  -3.5747  -0.5843   1.1962   0.8621  -0.7063  -0.0164   0.1697   0.0041  -0.5541  -0.0256   0.0053 
